0.947007188682 0.578950228384 0.807915152883
0.578950228384 1.134442775670 0.212495860801
0.807915152883 0.212495860801 1.582580007300
0.942860752277 0.576164908824 0.804190284549
0.576164908824 1.129325890765 0.211495351000
0.804190284549 0.211495351000 1.575278650757
0.937853571398 0.572760178642 0.799661108988
0.572760178642 1.123122488114 0.210275598565
0.799661108988 0.210275598565 1.566399832311
0.931805747824 0.568585647452 0.794143707792
0.568585647452 1.115593181287 0.208784913486
0.794143707792 0.208784913486 1.555582387492
0.924500621440 0.563448487421 0.787407736857
0.563448487421 1.106442783472 0.206957761806
0.787407736857 0.206957761806 1.542373755231
0.915682001072 0.557101019190 0.779165966263
0.557101019190 1.095310685097 0.204711139025
0.779165966263 0.204711139025 1.526209239040
0.905055543154 0.549224775926 0.769062782475
0.549224775926 1.081762639240 0.201940176175
0.769062782475 0.201940176175 1.506389094255
0.892298719296 0.539410329274 0.756662850826
0.539410329274 1.065287255692 0.198513013310
0.756662850826 0.198513013310 1.482055708716
0.877086971902 0.527132308771 0.741442486845
0.527132308771 1.045303234873 0.194265184177
0.741442486845 0.194265184177 1.452175749960
0.859148437677 0.511719552772 0.722788546061
0.511719552772 1.021187667625 0.188994151673
0.722788546061 0.188994151673 1.415536528973
0.838366201178 0.492321524645 0.700013138199
0.492321524645 0.992341923442 0.182455318757
0.700013138199 0.182455318757 1.370772622535
0.814954608799 0.467874544545 0.672397294559
0.467874544545 0.958319363283 0.174361919913
0.672397294559 0.174361919913 1.316448210993
0.789741312701 0.437075776981 0.639282112189
0.437075776981 0.919045902902 0.164392704808
0.639282112189 0.164392704808 1.251231221049
0.764580652516 0.398380094466 0.600229063805
0.398380094466 0.875163423424 0.152213022869
0.600229063805 0.152213022869 1.174201877274
0.742889480316 0.350045155830 0.555265536041
0.350045155830 0.828502873108 0.137515960553
0.555265536041 0.137515960553 1.085328056948
0.730208732857 0.290261375051 0.505205998134
0.290261375051 0.782626752583 0.120088712898
0.505205998134 0.120088712898 0.986091162752
0.734536234904 0.217408947053 0.451981502555
0.217408947053 0.743251709453 0.099902537979
0.451981502555 0.099902537979 0.880135527600
0.765984849472 0.130468818924 0.398823099177
0.130468818924 0.718193554798 0.077210178751
0.398823099177 0.077210178751 0.773645711344
0.835250115559 0.029558091494 0.350073095993
0.029558091494 0.716387636124 0.052615031111
0.350073095993 0.052615031111 0.675014501810
0.950693948673 -0.083545037878 0.310442376581
-0.083545037878 0.745749303793 0.027063776359
0.310442376581 0.027063776359 0.593442900349
1.114721410356 -0.205136062632 0.283785120595
-0.205136062632 0.810303384321 0.001728227097
0.283785120595 0.001728227097 0.536593601784
1.321149322878 -0.329845717702 0.271851688863
-0.329845717702 0.907853422865 -0.022208517223
0.271851688863 -0.022208517223 0.508168917009
1.555424237977 -0.451513413856 0.273687501426
-0.451513413856 1.029690346062 -0.043786714217
0.273687501426 -0.043786714217 0.506695678523
1.798164514314 -0.564423755241 0.286063798760
-0.564423755241 1.162866876843 -0.062429885482
0.286063798760 -0.062429885482 0.526278528940
2.030415995572 -0.664413515030 0.304693311315
-0.664413515030 1.293960501804 -0.077976713648
0.304693311315 -0.077976713648 0.558878110069
2.238047365969 -0.749424219747 0.325546049536
-0.749424219747 1.412414382382 -0.090602226730
0.325546049536 -0.090602226730 0.596820089285
2.413625144881 -0.819400376459 0.345682637468
-0.819400376459 1.512135656202 -0.100688695878
0.345682637468 -0.100688695878 0.634415291908
2.555824362280 -0.875744867210 0.363456232486
-0.875744867210 1.591290198268 -0.108703138103
0.363456232486 -0.108703138103 0.668387531738
2.667506777147 -0.920646530086 0.378281314941
-0.920646530086 1.651067546228 -0.115110061751
0.378281314941 -0.115110061751 0.697470555299
2.753633872034 -0.956511530080 0.390250452064
-0.956511530080 1.694259562499 -0.120322530094
0.390250452064 -0.120322530094 0.721702355870
2.819668532859 -0.985589498026 0.399788947197
-0.985589498026 1.724143572913 -0.124682241207
0.399788947197 -0.124682241207 0.741778892172
2.870615142332 -1.009782754641 0.407418064890
-1.009782754641 1.743797580523 -0.128457255885
0.407418064890 -0.128457255885 0.758605550533
2.910575813088 -1.030583909936 0.413622596029
-1.030583909936 1.755773889452 -0.131848431037
0.413622596029 -0.131848431037 0.773042252835
2.942629315830 -1.049084715719 0.418791291045
-1.049084715719 1.762001091732 -0.134998806039
0.418791291045 -0.134998806039 0.785785156061
2.968868134093 -1.066013213127 0.423198446043
-1.066013213127 1.763801679176 -0.138002736440
0.423198446043 -0.138002736440 0.797326157238
2.990483811309 -1.081772200112 0.427003892354
-1.081772200112 1.761949956373 -0.140913297256
0.427003892354 -0.140913297256 0.807947491681
3.007837972598 -1.096464263240 0.430257929981
-1.096464263240 1.756727979273 -0.143747656221
0.430257929981 -0.143747656221 0.817725707941
3.020488614071 -1.109896668383 0.432904770344
-1.109896668383 1.747960143787 -0.146491140179
0.432904770344 -0.146491140179 0.826532164458
3.027162115971 -1.121564990416 0.434783179677
-1.121564990416 1.735022068212 -0.149102051438
0.434783179677 -0.149102051438 0.834026462289
3.025678002695 -1.130619907711 0.435627642572
-1.130619907711 1.716831157265 -0.151521516913
0.435627642572 -0.151521516913 0.839647433205
3.012853528872 -1.135829891021 0.435079164368
-1.135829891021 1.691839556413 -0.153696491786
0.435079164368 -0.153696491786 0.842616524804
2.984446493970 -1.135566605274 0.432723351476
-1.135566605274 1.658069450928 -0.155630171616
0.432723351476 -0.155630171616 0.841983644018
2.935243209849 -1.127862030940 0.428185256360
-1.127862030940 1.613258212920 -0.157482392177
0.428185256360 -0.157482392177 0.836767254598
2.859462008254 -1.110615006186 0.421323104904
-1.110615006186 1.555212890790 -0.159750324984
0.421323104904 -0.159750324984 0.826265050990
2.751696253209 -1.082047520513 0.412566401644
-1.082047520513 1.482491075983 -0.163557895857
0.412566401644 -0.163557895857 0.810622220803
2.608596078391 -1.041493970873 0.403415346999
-1.041493970873 1.395483179429 -0.171051852211
0.403415346999 -0.171051852211 0.791702001599
2.431265672271 -0.990492118655 0.397024620350
-0.990492118655 1.297799577997 -0.185817272480
0.397024620350 -0.185817272480 0.774147990574
2.227825071384 -0.933883627296 0.398618523051
-0.933883627296 1.197518899538 -0.213077452869
0.398618523051 -0.213077452869 0.766223598346
2.014850242790 -0.880282240047 0.415292213202
-0.880282240047 1.107435681212 -0.259298697483
0.415292213202 -0.259298697483 0.779664075074
1.816007091765 -0.841109023360 0.454753819827
-0.841109023360 1.043339616900 -0.330863957209
0.454753819827 -0.330863957209 0.827733777352
1.656987360186 -0.827847247448 0.523006603951
-0.827847247448 1.020071234052 -0.431912599533
0.523006603951 -0.431912599533 0.921395564553
1.558060336596 -0.848308241102 0.621797827545
-0.848308241102 1.046612796980 -0.562171493863
0.621797827545 -0.562171493863 1.064909668216
1.527744142201 -0.903750779004 0.747229791180
-0.903750779004 1.122693187726 -0.716029610586
0.747229791180 -0.716029610586 1.253221398972
1.561009011596 -0.988513383266 0.890495445592
-0.988513383266 1.238898126172 -0.883610165480
0.890495445592 -0.883610165480 1.472868004855
1.642639825302 -1.092280222683 1.040411763353
-1.092280222683 1.380140351868 -1.053386046163
1.040411763353 -1.053386046163 1.705995827311
1.753313907539 -1.203534006996 1.186385324064
-1.203534006996 1.530398244266 -1.215001083846
1.186385324064 -1.215001083846 1.935267369435
1.875123160180 -1.312444281316 1.320489109277
-1.312444281316 1.676439823202 -1.361103319146
1.320489109277 -1.361103319146 2.147417212120
1.994674968013 -1.412292932680 1.438163235138
-1.412292932680 1.809493375237 -1.487823079083
1.438163235138 -1.487823079083 2.334564359609
2.103751494980 -1.499547156106 1.537837069140
-1.499547156106 1.925142257749 -1.594249460471
1.537837069140 -1.594249460471 2.493712714089
2.198477616439 -1.573172836755 1.620055038036
-1.573172836755 2.022285856578 -1.681487272887
1.620055038036 -1.681487272887 2.625382836275
2.277980954998 -1.633748954972 1.686573203659
-1.633748954972 2.101907363523 -1.751736790479
1.686573203659 -1.751736790479 2.732153765029
2.343147498854 -1.682704545435 1.739657055904
-1.682704545435 2.166049677662 -1.807601389805
1.739657055904 -1.807601389805 2.817510788099
2.395703370628 -1.721784229221 1.781628293405
-1.721784229221 2.217116033578 -1.851653739864
1.781628293405 -1.851653739864 2.885091278286
2.437632691004 -1.752727993281 1.814618531362
-1.752727993281 2.257461087610 -1.886209565218
1.814618531362 -1.886209565218 2.938267552884
2.470855039660 -1.777108530784 1.840464376461
-1.777108530784 2.289189937163 -1.913239849932
1.840464376461 -1.913239849932 2.979962835410
2.497074531040 -1.796268518093 1.860686312470
-1.796268518093 2.314086196027 -1.934363116828
1.860686312470 -1.934363116828 3.012607059742
2.517730115430 -1.811313989703 1.876510719480
-1.811313989703 2.333610878727 -1.950877448488
1.876510719480 -1.950877448488 3.038165800456
2.533999369139 -1.823135110824 1.888909860663
-1.823135110824 2.348934761035 -1.963807764603
1.888909860663 -1.963807764603 3.058200646932
2.546826663765 -1.832437451098 1.898645874007
-1.832437451098 2.360982658641 -1.973955066519
1.898645874007 -1.973955066519 3.073937648378
2.556959445073 -1.839774740797 1.906311906189
-1.839774740797 2.370478369716 -1.981941339917
1.906311906189 -1.981941339917 3.086332163694
2.564984337141 -1.845578853644 1.912367619803
-1.845578853644 2.377985146078 -1.988247766826
1.912367619803 -1.988247766826 3.096125257792
2.571359390279 -1.850185419354 1.917168467560
-1.850185419354 2.383939912681 -1.993245946606
1.917168467560 -1.993245946606 3.103890418137
2.576441265590 -1.853854835617 1.920989150579
-1.853854835617 2.388681141319 -1.997222761559
1.920989150579 -1.997222761559 3.110071111473
2.580507373412 -1.856789075476 1.924042076100
-1.856789075476 2.392471029728 -2.000399857204
1.924042076100 -2.000399857204 3.115010403540
2.583773514286 -1.859144914249 1.926491709879
-1.859144914249 2.395512885584 -2.002948741700
1.926491709879 -2.002948741700 3.118974030788
2.586407740299 -1.861044229501 1.928465652449
-1.861044229501 2.397964620611 -2.005002410872
1.928465652449 -2.005002410872 3.122168229220
2.588541148679 -1.862581968231 1.930063147891
-1.862581968231 2.399949161787 -2.006664262285
1.930063147891 -2.006664262285 3.124753444578
2.590276239246 -1.863832284833 1.931361603941
-1.863832284833 2.401562455496 -2.008014916286
1.931361603941 -2.008014916286 3.126854846723
2.591693364346 -1.864853259831 1.932421583263
-1.864853259831 2.402879610347 -2.009117431868
1.932421583263 -2.009117431868 3.128570383823
2.592855698728 -1.865690524837 1.933290624828
-1.865690524837 2.403959609416 -2.010021296490
1.933290624828 -2.010021296490 3.129976951966
