1.228032769773 0.016881236557 -0.238972730011
0.016881236557 0.301357323781 0.330998945177
-0.238972730011 0.330998945177 2.882608593627
1.220301907028 0.018817209566 -0.256125631635
0.018817209566 0.309387165850 0.340631323142
-0.256125631635 0.340631323142 2.962186209008
1.217531323579 0.020122896692 -0.267875739698
0.020122896692 0.315245430315 0.347600735216
-0.267875739698 0.347600735216 3.020041168761
1.216741400842 0.020967145308 -0.275563678367
0.020967145308 0.319222571739 0.352309746688
-0.275563678367 0.352309746688 3.059235198792
1.216285322529 0.021452094682 -0.280017177531
0.021452094682 0.321525017124 0.355034851495
-0.280017177531 0.355034851495 3.081909709801
1.215272663975 0.021633093168 -0.281696493771
0.021633093168 0.322270626949 0.355932608200
-0.281696493771 0.355932608200 3.089279216314
1.213263540330 0.021529104925 -0.280775002159
0.021529104925 0.321487893517 0.355044659933
-0.280775002159 0.355044659933 3.081641619264
1.210137218662 0.021125821006 -0.277171963325
0.021125821006 0.319114141134 0.352297888197
-0.277171963325 0.352297888197 3.058363894835
1.206095096219 0.020371923586 -0.270545989473
0.020371923586 0.314991255753 0.347498574524
-0.270545989473 0.347498574524 3.017828444733
1.201804362411 0.019167029920 -0.260251420022
0.019167029920 0.308860339936 0.340321679679
-0.260251420022 0.340321679679 2.957347071640
1.198736268669 0.017337235530 -0.245256243162
0.017337235530 0.300360787547 0.330299773669
-0.245256243162 0.330299773669 2.873079569942
1.199809636665 0.014590118476 -0.224021887541
0.014590118476 0.289046667615 0.316822798900
-0.224021887541 0.316822798900 2.760048328501
1.210511253763 0.010434747947 -0.194359349597
0.010434747947 0.274446482544 0.299172349069
-0.194359349597 0.299172349069 2.612437694763
1.240684401111 0.004043948571 -0.153318458072
0.004043948571 0.256212487504 0.276634353325
-0.153318458072 0.276634353325 2.424514975647
1.307005344535 -0.005968711766 -0.097263242922
-0.005968711766 0.234425871307 0.248757147261
-0.097263242922 0.248757147261 2.192656508142
1.435472663270 -0.021865162192 -0.022453028076
-0.021865162192 0.210112597235 0.215821336201
-0.022453028076 0.215821336201 1.918881690626
1.661603215893 -0.047106673862 0.073389111659
-0.047106673862 0.185905294939 0.179495343880
0.073389111659 0.179495343880 1.615475694706
2.023836075715 -0.086374151933 0.188220065425
-0.086374151933 0.166471999532 0.143379654347
0.188220065425 0.143379654347 1.308205215778
2.546002449027 -0.144702283511 0.312369005901
-0.144702283511 0.157939923539 0.112770398585
0.312369005901 0.112770398585 1.033258708949
3.213229219817 -0.225320587854 0.427650116347
-0.225320587854 0.165711868191 0.093029379956
0.427650116347 0.093029379956 0.824551951787
3.960360126518 -0.327015592817 0.512204981866
-0.327015592817 0.191496876899 0.087070982701
0.512204981866 0.087070982701 0.697009640877
4.692219630445 -0.443259888004 0.549989252903
-0.443259888004 0.231974007617 0.093886042242
0.549989252903 0.093886042242 0.639871323648
5.326494733087 -0.564527882959 0.537920905179
-0.564527882959 0.280581505725 0.109494055960
0.537920905179 0.109494055960 0.626768159430
5.824827892854 -0.682169298125 0.485070475831
-0.682169298125 0.330846342301 0.129329997950
0.485070475831 0.129329997950 0.632190422143
6.192575136127 -0.790898277358 0.406069495616
-0.790898277358 0.378553787849 0.150018451912
0.406069495616 0.150018451912 0.640639304189
6.458823863194 -0.888868572552 0.314746005553
-0.888868572552 0.421924718680 0.169757016258
0.314746005553 0.169757016258 0.646229001234
6.656678177421 -0.976394725292 0.221133865675
-0.976394725292 0.460735733644 0.187871604892
0.221133865675 0.187871604892 0.648427653672
6.812729709037 -1.054624445340 0.131313466886
-1.054624445340 0.495409498034 0.204257525321
0.131313466886 0.204257525321 0.648505395822
6.944454705333 -1.124721868932 0.048441176058
-1.124721868932 0.526466827947 0.219009206968
0.048441176058 0.219009206968 0.647780080623
7.061533396195 -1.187539201322 -0.026129226190
-1.187539201322 0.554304203552 0.232244685061
-0.026129226190 0.232244685061 0.647091008544
7.168222540987 -1.243575719948 -0.092024926514
-1.243575719948 0.579153533669 0.244047113978
-0.092024926514 0.244047113978 0.646806753427
7.265484558846 -1.293054483091 -0.149351545659
-1.293054483091 0.601114483897 0.254458761399
-0.149351545659 0.254458761399 0.646976234523
7.352519889392 -1.336021324970 -0.198417293569
-1.336021324970 0.620201806541 0.263491984445
-0.198417293569 0.263491984445 0.647471930339
7.427741656972 -1.372426287542 -0.239592315730
-1.372426287542 0.636384875747 0.271141853364
-0.239592315730 0.271141853364 0.648088982312
7.489338850231 -1.402177861773 -0.273240747352
-1.402177861773 0.649614043501 0.277395458556
-0.273240747352 0.277395458556 0.648604015817
7.535570363414 -1.425173396961 -0.299689286690
-1.425173396961 0.659835423101 0.282237350305
-0.299689286690 0.282237350305 0.648806116067
7.564897993519 -1.441312839346 -0.319213382764
-1.441312839346 0.666997623836 0.285652044723
-0.319213382764 0.285652044723 0.648510954554
7.576031762912 -1.450502710312 -0.332031923318
-1.450502710312 0.671053797809 0.287624767987
-0.332031923318 0.287624767987 0.647565704022
7.567934086132 -1.452655655199 -0.338306364111
-1.452655655199 0.671961565369 0.288141415210
-0.338306364111 0.288141415210 0.645849513876
7.539810875070 -1.447689233280 -0.338142697508
-1.447689233280 0.669682575068 0.287188421992
-0.338142697508 0.287188421992 0.643272344924
7.491105954001 -1.435526327500 -0.331595828902
-1.435526327500 0.664182834091 0.284753014955
-0.331595828902 0.284753014955 0.639773727031
7.421508107996 -1.416098695308 -0.318676520229
-1.416098695308 0.655434538999 0.280824151414
-0.318676520229 0.280824151414 0.635322267608
7.330975990561 -1.389354668871 -0.299361411432
-1.389354668871 0.643419896961 0.275394366408
-0.299361411432 0.275394366408 0.629916306873
7.219783651870 -1.355271707710 -0.273606884050
-1.355271707710 0.628137288107 0.268462693105
-0.273606884050 0.268462693105 0.623585847986
7.088587642644 -1.313874271172 -0.241367720645
-1.313874271172 0.609610014398 0.260038783378
-0.241367720645 0.260038783378 0.616395692528
6.938514767470 -1.265257182815 -0.202621612367
-1.265257182815 0.587897748004 0.250148302774
-0.202621612367 0.250148302774 0.608449521357
6.771267037958 -1.209614183525 -0.157400501503
-1.209614183525 0.563110574921 0.238839582121
-0.157400501503 0.238839582121 0.599894437421
6.589236791499 -1.147270607036 -0.105829402686
-1.147270607036 0.535425173989 0.226191351570
-0.105829402686 0.226191351570 0.590925210700
6.395620086715 -1.078717982587 -0.048172577423
-1.078717982587 0.505102136137 0.212321140687
-0.048172577423 0.212321140687 0.581787141514
6.194510520178 -1.004646866088 0.015114417967
-1.004646866088 0.472502701935 0.197393591128
0.015114417967 0.197393591128 0.572776128751
5.990949293442 -0.925972448480 0.083330348151
-0.925972448480 0.438102325513 0.181627513112
0.083330348151 0.181627513112 0.564234285420
5.790902316289 -0.843845823667 0.155477852596
-0.843845823667 0.402497606099 0.165300084111
0.155477852596 0.165300084111 0.556539433898
5.601133950728 -0.759642823177 0.230226325230
-0.759642823177 0.366402541509 0.148746260292
0.230226325230 0.148746260292 0.550087229266
5.428952942051 -0.674922885974 0.305900267510
-0.674922885974 0.330630153784 0.132351434009
0.305900267510 0.132351434009 0.545265684453
5.281822085523 -0.591353418574 0.380506449696
-0.591353418574 0.296056764539 0.116535842621
0.380506449696 0.116535842621 0.542423575317
5.166850058611 -0.510601021570 0.451811289532
-0.510601021570 0.263568861341 0.101730383566
0.451811289532 0.101730383566 0.541836402342
5.090218155617 -0.434199357953 0.517473490071
-0.434199357953 0.233996480257 0.088345307803
0.517473490071 0.088345307803 0.543675726091
5.056627393543 -0.363412426335 0.575225933777
-0.363412426335 0.208041545930 0.076735432507
0.575225933777 0.076735432507 0.547988885464
5.068869401935 -0.299118355607 0.623086876015
-0.299118355607 0.186213189493 0.067167381820
0.623086876015 0.067167381820 0.554695404092
5.127615218726 -0.241739049759 0.659567660562
-0.241739049759 0.168782977974 0.059795108561
0.659567660562 0.059795108561 0.563603305233
5.231475218833 -0.191233132754 0.683837786959
-0.191233132754 0.155770083473 0.054648945885
0.683837786959 0.054648945885 0.574443583748
5.377320060344 -0.147154972184 0.695812388340
-0.147154972184 0.146959970405 0.051640676852
0.695812388340 0.051640676852 0.586915814520
5.560788145868 -0.108765852777 0.696142512548
-0.108765852777 0.141952136968 0.050583374701
0.696142512548 0.050583374701 0.600734425562
5.776863983446 -0.075170908089 0.686110707944
-0.075170908089 0.140225711637 0.051221366364
0.686110707944 0.051221366364 0.615665096348
6.020408688708 -0.045451822610 0.667455714370
-0.045451822610 0.141208702725 0.053263817205
0.667455714370 0.053263817205 0.631544146762
6.286556249445 -0.018771154977 0.642163301432
-0.018771154977 0.144338157629 0.056415635879
0.642163301432 0.056415635879 0.648279173398
6.570940054116 0.005564068882 0.612261983853
0.005564068882 0.149103219324 0.060401273470
0.612261983853 0.060401273470 0.665834338735
6.869762283412 0.028079351471 0.579653877481
0.028079351471 0.155068811665 0.064979580248
0.579653877481 0.064979580248 0.684206835460
7.179749133636 0.049141247119 0.545997127104
0.049141247119 0.161882357440 0.069950197072
0.545997127104 0.069950197072 0.703401535122
7.498043570541 0.068984686220 0.512642518559
0.068984686220 0.169268462244 0.075153401074
0.512642518559 0.075153401074 0.723409248392
7.822079461825 0.087747205752 0.480616792981
0.087747205752 0.177016920787 0.080465801421
0.480616792981 0.080465801421 0.744191504133
8.149465155398 0.105501534684 0.450640072504
0.105501534684 0.184968432572 0.085794041596
0.450640072504 0.085794041596 0.765672346539
8.477888386381 0.122281870092 0.423164011580
0.122281870092 0.193000894656 0.091068072008
0.423164011580 0.091068072008 0.787735959527
8.805042079144 0.138102355344 0.398419233797
0.138102355344 0.201017695005 0.096234911222
0.398419233797 0.096234911222 0.810228091313
9.128563336561 0.152968277715 0.376463716144
0.152968277715 0.208938366487 0.101253287569
0.376463716144 0.101253287569 0.832959104945
9.445974984142 0.166881430924 0.357226908342
0.166881430924 0.216691333097 0.106089202027
0.357226908342 0.106089202027 0.855706756336
9.754619146265 0.179841269614 0.340546929253
0.179841269614 0.224208206329 0.110712264232
0.340546929253 0.110712264232 0.878217267372
10.051574331235 0.191843268179 0.326199988781
0.191843268179 0.231419053419 0.115092585028
0.326199988781 0.115092585028 0.900203774778
10.333550741431 0.202875551229 0.313922310345
0.202875551229 0.238248160665 0.119198019610
0.313922310345 0.119198019610 0.921341742843
10.596762867880 0.212914549188 0.303425445989
0.212914549188 0.244609990371 0.122991615269
0.303425445989 0.122991615269 0.941261444296
10.836784124247 0.221920228636 0.294406166655
0.221920228636 0.250405249665 0.126429210812
0.294406166655 0.126429210812 0.959538192002
11.048395764473 0.229831379399 0.286552227252
0.229831379399 0.255517246842 0.129457254919
0.286552227252 0.129457254919 0.975681710458
11.225451982592 0.236561505924 0.279545359144
0.236561505924 0.259809008267 0.132011056650
0.279545359144 0.132011056650 0.989126920093
11.360794835465 0.241996047359 0.273062894975
0.241996047359 0.263121961347 0.134013848733
0.273062894975 0.134013848733 0.999229465524
11.446265385061 0.245991896875 0.266779500119
0.245991896875 0.265277325762 0.135377217371
0.266779500119 0.135377217371 1.005270441226
11.472868458263 0.248380432450 0.260370540875
0.248380432450 0.266081618676 0.136003593020
0.260370540875 0.136003593020 1.006475672387
11.431152570134 0.248975389992 0.253518579509
0.248975389992 0.265337729255 0.135791536516
0.253518579509 0.135791536516 1.002055083304
11.311856367308 0.247586738260 0.245924219844
0.247586738260 0.262862651719 0.134644395125
0.245924219844 0.134644395125 0.991266396516
11.106839947645 0.244041063649 0.237321882881
0.244041063649 0.258511966642 0.132482435216
0.237321882881 0.132482435216 0.973503854885
10.810257889665 0.238207704011 0.227499962651
0.238207704011 0.252209406662 0.129257717386
0.227499962651 0.129257717386 0.948406381440
10.419844009036 0.230028027244 0.216323242251
0.230028027244 0.243977487018 0.124969829527
0.216323242251 0.124969829527 0.915971084551
9.938084382521 0.219543196230 0.203753746936
0.219543196230 0.233962817708 0.119679409101
0.203753746936 0.119679409101 0.876649351182
9.372990738717 0.206914230289 0.189864981568
0.206914230289 0.222448389139 0.113515666527
0.189864981568 0.113515666527 0.831397660130
8.738194298518 0.192428092795 0.174844496687
0.192428092795 0.209846014317 0.106674443271
0.174844496687 0.106674443271 0.781657933220
8.052189507632 0.176485580742 0.158981480485
0.176485580742 0.196665854963 0.099405037964
0.158981480485 0.099405037964 0.729255135700
7.336756612478 0.159570840933 0.142639445342
0.159570840933 0.183465944408 0.091986864616
0.142639445342 0.091986864616 0.676220969800
6.614820193111 0.142207207298 0.126218067623
0.142207207298 0.170790822097 0.084700038660
0.126218067623 0.084700038660 0.624574855954
5.908167175984 0.124907883823 0.110111314200
0.124907883823 0.159112165502 0.077795956929
0.110111314200 0.077795956929 0.576107573821
5.235480154792 0.108131185577 0.094669857200
0.108131185577 0.148783830003 0.071473933524
0.094669857200 0.071473933524 0.532212280868
4.611028212151 0.092248166346 0.080174127606
0.092248166346 0.140019143719 0.065867971162
0.080174127606 0.065867971162 0.493792334993
4.044152832138 0.077526469840 0.066821015826
0.077526469840 0.132891718664 0.061044700811
0.066821015826 0.061044700811 0.461252416643
3.539478350785 0.064129880102 0.054723633070
0.064129880102 0.127355163550 0.057010686973
0.054723633070 0.057010686973 0.434558439680
3.097636292330 0.052129854092 0.043920954080
0.052129854092 0.123273837407 0.053725615011
0.043920954080 0.053725615011 0.413339598018
2.716247301962 0.041523981129 0.034393109852
0.041523981129 0.120456552102 0.051117594812
0.034393109852 0.051117594812 0.397004266047
2.390936591800 0.032256627118 0.026078401528
0.032256627118 0.118687043892 0.049097575914
0.026078401528 0.049097575914 0.384847544105
2.116231347615 0.024238295640 0.018889185145
0.024238295640 0.117747764276 0.047571076686
0.018889185145 0.047571076686 0.376137481005
1.886265855177 0.017361753683 0.012725038736
0.017361753683 0.117436012165 0.046446576181
0.012725038736 0.046446576181 0.370175622141
1.695280654945 0.011514249124 0.007482679375
0.011514249124 0.117573107551 0.045640732045
0.007482679375 0.045640732045 0.366333555142
1.537939034104 0.006585999848 0.003062796845
0.006585999848 0.118008132669 0.045081021433
0.003062796845 0.045081021433 0.364070244830
1.409500439054 0.002475575335 -0.000625671418
0.002475575335 0.118617944688 0.044706532999
-0.000625671418 0.044706532999 0.362935800826
1.305892570207 -0.000907070336 -0.003663190471
-0.000907070336 0.119304964791 0.044467583729
-0.003663190471 0.044467583729 0.362566808597
1.223718556106 -0.003639196479 -0.006118607289
-0.003639196479 0.119993896841 0.044324696863
-0.006118607289 0.044324696863 0.362677250793
1.160227484963 -0.005784910513 -0.008048967770
-0.005784910513 0.120628167790 0.044247324073
-0.008048967770 0.044247324073 0.363047855831
1.113268517045 -0.007395387949 -0.009499798879
-0.007395387949 0.121166581496 0.044212561828
-0.009499798879 0.044212561828 0.363515692408
1.081242105333 -0.008509355832 -0.010505591263
-0.008509355832 0.121580458849 0.044204011066
-0.010505591263 0.044204011066 0.363965069141
1.063056859299 -0.009153621787 -0.011090303864
-0.009153621787 0.121851394531 0.044210860805
-0.011090303864 0.044210860805 0.364320290168
1.058097153426 -0.009343507890 -0.011267775951
-0.009343507890 0.121969678764 0.044227234370
-0.011267775951 0.044227234370 0.364540512711
1.066204370527 -0.009083103038 -0.011041977159
-0.009083103038 0.121933393254 0.044251814298
-0.011041977159 0.044251814298 0.364616794898
1.087673303531 -0.008365285550 -0.010407057822
-0.008365285550 0.121748179049 0.044287752141
-0.010407057822 0.044287752141 0.364571360081
1.123264364134 -0.007171495903 -0.009347185580
-0.007171495903 0.121427677639 0.044342866595
-0.009347185580 0.044342866595 0.364459094927
1.174231538407 -0.005471264139 -0.007836175258
-0.005471264139 0.120994655050 0.044430132919
-0.007836175258 0.044430132919 0.364371306773
1.242365174333 -0.003221523997 -0.005836942665
-0.003221523997 0.120482822461 0.044568464006
-0.005836942665 0.044568464006 0.364441757457
1.330047353605 -0.000365782642 -0.003300844690
-0.000365782642 0.119939355513 0.044783773826
-0.003300844690 0.044783773826 0.364854929917
1.440315420148 0.003166731969 -0.000167013704
0.003166731969 0.119428075447 0.045110291557
-0.000167013704 0.045110291557 0.365856326517
1.576925805287 0.007461747608 0.003638140534
0.007461747608 0.119033172560 0.045592052657
0.003638140534 0.045592052657 0.367764291351
