0.088920028054 0.101446283104 0.146481059959
0.101446283104 0.345887808444 0.364936915854
0.146481059959 0.364936915854 1.047938068637
0.088450269731 0.100875617430 0.145518207873
0.100875617430 0.343812017964 0.362549110096
0.145518207873 0.362549110096 1.040528194323
0.087893780237 0.100189884587 0.144324855532
0.100189884587 0.341283602037 0.359592138552
0.144324855532 0.359592138552 1.031227620482
0.087248853745 0.099378471034 0.142850893182
0.099378471034 0.338233813744 0.355943927521
0.142850893182 0.355943927521 1.019547151496
0.086527271467 0.098440850505 0.141039651036
0.098440850505 0.334608499115 0.351467729122
0.141039651036 0.351467729122 1.004871334618
0.085768731509 0.097399572350 0.138832956986
0.097399572350 0.330399516161 0.346025791637
0.138832956986 0.346025791637 0.986443270282
0.085067040115 0.096324341415 0.136183230031
0.096324341415 0.325705500315 0.339511243827
0.136183230031 0.339511243827 0.963366149768
0.084616168497 0.095374985492 0.133078498593
0.095374985492 0.320843450349 0.331913255731
0.133078498593 0.331913255731 0.934643651620
0.084788099418 0.094874827254 0.129589555239
0.094874827254 0.316543283092 0.323438937753
0.129589555239 0.323438937753 0.899297584083
0.086257193230 0.095428741857 0.125951673422
0.095428741857 0.314266023968 0.314723430005
0.125951673422 0.314723430005 0.856621600518
0.090182002308 0.098096582932 0.122692748441
0.098096582932 0.316678060378 0.307157726103
0.122692748441 0.307157726103 0.806643821787
0.098432327224 0.104610388482 0.120806422396
0.104610388482 0.328255175926 0.303328947029
0.120806422396 0.303328947029 0.750847753439
0.113786467225 0.117563170271 0.121927381934
0.117563170271 0.355826323702 0.307460905197
0.121927381934 0.307460905197 0.693078922339
0.139908467560 0.140386127519 0.128384549172
0.140386127519 0.408563056066 0.325533821152
0.128384549172 0.325533821152 0.640276561770
0.180794609267 0.176815511430 0.142913442523
0.176815511430 0.496597035423 0.364522251299
0.142913442523 0.364522251299 0.602260581008
0.239430439636 0.229602220963 0.167821600492
0.229602220963 0.627572453963 0.430229268673
0.167821600492 0.430229268673 0.589648305496
0.315874342713 0.298676337235 0.203702785918
0.298676337235 0.801673144840 0.523978078245
0.203702785918 0.523978078245 0.609766404344
0.405800717304 0.379763259226 0.248358838350
0.379763259226 1.007801437580 0.639868687221
0.248358838350 0.639868687221 0.662320897510
0.500868868804 0.464758320020 0.296866713251
0.464758320020 1.224464782436 0.765006015029
0.296866713251 0.765006015029 0.737987456104
0.591248739730 0.544159860425 0.343090873870
0.544159860425 1.426235570210 0.883443306795
0.343090873870 0.883443306795 0.821637281148
0.668890984736 0.610188508516 0.381774076903
0.610188508516 1.592120205717 0.981579745248
0.381774076903 0.981579745248 0.898242192814
0.729583111521 0.658717411292 0.409918154905
0.658717411292 1.710776020900 1.051691173006
0.409918154905 1.051691173006 0.957566992269
0.773027230029 0.689301697433 0.426908182620
0.689301697433 1.780629527798 1.092207045211
0.426908182620 1.092207045211 0.995484863544
0.801611914665 0.703971120162 0.433778115018
0.703971120162 1.806661854936 1.105781849320
0.433778115018 1.105781849320 1.012602195765
0.818955220053 0.705822664961 0.432303712006
0.705822664961 1.796644506633 1.096937462393
0.432303712006 1.096937462393 1.012035598194
0.828862686781 0.698024040024 0.424343331736
0.698024040024 1.758470059472 1.070358196239
0.424343331736 1.070358196239 0.997628766918
0.834815639255 0.683331587020 0.411509670589
0.683331587020 1.698860214383 1.030047081715
0.411509670589 1.030047081715 0.972971336818
0.839839810083 0.663976409658 0.395084001196
0.663976409658 1.623063368730 0.979111459870
0.395084001196 0.979111459870 0.941056505828
0.846564812030 0.641739490584 0.376058190869
0.641739490584 1.535066274651 0.919881005868
0.376058190869 0.919881005868 0.904296669659
0.857335892039 0.618088668934 0.355222255928
0.618088668934 1.437985433418 0.854147170953
0.355222255928 0.854147170953 0.864680974733
0.874297090433 0.594307341540 0.333252278552
0.594307341540 1.334457695649 0.783409831400
0.333252278552 0.783409831400 0.823950427806
0.899403787989 0.571582174221 0.310778095518
0.571582174221 1.226949929781 0.709080737327
0.310778095518 0.709080737327 0.783730931267
0.934344869259 0.551036650650 0.288422812236
0.551036650650 1.117958294773 0.632625558127
0.288422812236 0.632625558127 0.745599770280
0.980369704840 0.533707005232 0.266811858151
0.533707005232 1.010089143805 0.555639495720
0.266811858151 0.555639495720 0.711078413003
1.038031037828 0.520463958670 0.246552346802
0.520463958670 0.906023631397 0.479856582884
0.246552346802 0.479856582884 0.681555141874
1.106876056852 0.511891885986 0.228186660359
0.511891885986 0.808377816082 0.407096894266
0.228186660359 0.407096894266 0.658151918653
1.185143853002 0.508147774057 0.212128544322
0.508147774057 0.719484319739 0.339162324146
0.212128544322 0.339162324146 0.641563351453
1.269551725741 0.508833680037 0.198595139898
0.508833680037 0.641139590657 0.277700509902
0.198595139898 0.277700509902 0.631909643851
1.355264089343 0.512923812290 0.187552518835
0.512923812290 0.574376649297 0.224065303416
0.187552518835 0.224065303416 0.628654232183
1.436123570399 0.518785138955 0.178692920779
0.518785138955 0.519328056810 0.179206514728
0.178692920779 0.179206514728 0.630633172830
1.505177523275 0.524314734263 0.171457043177
0.524314734263 0.475230205288 0.143617323821
0.171457043177 0.143617323821 0.636222282763
1.555460497836 0.527189099143 0.165104371141
0.527189099143 0.440586800464 0.117353524866
0.165104371141 0.117353524866 0.643631226497
1.580914622360 0.525188019558 0.158821335307
0.525188019558 0.413464936152 0.100118024798
0.158821335307 0.100118024798 0.651271284218
1.577273881286 0.516529815787 0.151845675162
0.516529815787 0.391857070636 0.091384097850
0.151845675162 0.091384097850 0.658111074390
1.542728295431 0.500146471775 0.143580202761
0.500146471775 0.374022259763 0.090519765699
0.143580202761 0.090519765699 0.663926216984
1.478226464237 0.475839896342 0.133672174295
0.475839896342 0.358727964017 0.096877848922
0.133672174295 0.096877848922 0.669370326131
1.387356108892 0.444289821996 0.122044246521
0.444289821996 0.345345665896 0.109830538802
0.122044246521 0.109830538802 0.675839797461
1.275835699382 0.406919242377 0.108875641075
0.406919242377 0.333796437675 0.128747766457
0.108875641075 0.128747766457 0.685159011713
1.150728891870 0.365653818982 0.094543389005
0.365653818982 0.324381324053 0.152937485538
0.094543389005 0.152937485538 0.699158996563
1.019539106750 0.322629844918 0.079540474853
0.322629844918 0.317554926128 0.181577081523
0.079540474853 0.181577081523 0.719248170602
0.889347872409 0.279908627520 0.064389449790
0.279908627520 0.313704872922 0.213665773836
0.064389449790 0.213665773836 0.746072475826
0.766131607679 0.239245302188 0.049567390554
0.239245302188 0.312987346776 0.248019089712
0.049567390554 0.248019089712 0.779335764721
0.654338504554 0.201941581115 0.035452590327
0.201941581115 0.315245984797 0.283312078071
0.035452590327 0.283312078071 0.817808402290
0.556745200471 0.168790425202 0.022296944120
0.168790425202 0.320016274641 0.318163018443
0.022296944120 0.318163018443 0.859505691953
0.474557509494 0.140101578758 0.010222267219
0.140101578758 0.326597099387 0.351238638856
0.010222267219 0.351238638856 0.901981287017
0.407682598146 0.115784332805 -0.000765131872
0.115784332805 0.334159802587 0.381357996339
-0.000765131872 0.381357996339 0.942663360793
0.355086877101 0.095459398262 -0.010748986792
0.095459398262 0.341863945886 0.407575220322
-0.010748986792 0.407575220322 0.979164941513
0.315162201573 0.078574462914 -0.019873764212
0.078574462914 0.348955562805 0.429229019462
-0.019873764212 0.429229019462 1.009519382549
0.286044949073 0.064505214021 -0.028316922455
0.064505214021 0.354834193646 0.445955935925
-0.028316922455 0.445955935925 1.032318374815
0.265858758546 0.052632194246 -0.036266007769
0.052632194246 0.359085378321 0.457671926030
-0.036266007769 0.457671926030 1.046754332601
0.252874603571 0.042391335106 -0.043901874000
0.042391335106 0.361482962046 0.464531370817
-0.043901874000 0.464531370817 1.052585726926
0.245597452560 0.033301087341 -0.051387861406
0.033301087341 0.361969614566 0.466873905521
-0.051387861406 0.466873905521 1.050051419287
0.242796495805 0.024971576529 -0.058863946021
0.024971576529 0.360624804560 0.465168300821
-0.058863946021 0.465168300821 1.039759814715
0.243497431364 0.017101699358 -0.066444573441
0.017101699358 0.357628202615 0.459960176928
-0.066444573441 0.459960176928 1.022573690448
0.246953003949 0.009469329273 -0.074218942843
0.009469329273 0.353224264335 0.451827597455
-0.074218942843 0.451827597455 0.999504808663
0.252604054991 0.001918527864 -0.082252735931
0.001918527864 0.347691438179 0.441346229177
-0.082252735931 0.441346229177 0.971625988296
0.260039264247 -0.005653654350 -0.090590564025
-0.005653654350 0.341317537562 0.429064052454
-0.090590564025 0.429064052454 0.940003281267
0.268958336494 -0.013309301419 -0.099258660630
-0.013309301419 0.334381483028 0.415484583127
-0.099258660630 0.415484583127 0.905647559061
0.279140876781 -0.021079991364 -0.108267544633
-0.021079991364 0.327140827652 0.401057094444
-0.108267544633 0.401057094444 0.869482975305
0.290421560197 -0.028975217714 -0.117614516254
-0.028975217714 0.319824106109 0.386172236024
-0.117614516254 0.386172236024 0.832329040991
0.302671256944 -0.036988990722 -0.127285932946
-0.036988990722 0.312626955983 0.371161578533
-0.127285932946 0.371161578533 0.794893029971
0.315783314414 -0.045104871622 -0.137259259023
-0.045104871622 0.305711029959 0.356299848065
-0.137259259023 0.356299848065 0.757769796188
0.329664046111 -0.053299732249 -0.147504903928
-0.053299732249 0.299204863239 0.341808875239
-0.147504903928 0.341808875239 0.721446603009
0.344226499589 -0.061546517831 -0.157987870042
-0.061546517831 0.293206027298 0.327862526669
-0.157987870042 0.327862526669 0.686311099974
0.359386682682 -0.069816251681 -0.168669229293
-0.069816251681 0.287784058572 0.314592091199
-0.168669229293 0.314592091199 0.652661061398
0.375061564871 -0.078079474379 -0.179507443132
-0.078079474379 0.282983785403 0.302091755216
-0.179507443132 0.302091755216 0.620714896274
0.391168308541 -0.086307266057 -0.190459535630
-0.086307266057 0.278828784907 0.290423923623
-0.190459535630 0.290423923623 0.590622247074
0.407624308813 -0.094471962898 -0.201482125634
-0.094471962898 0.275324784993 0.279624232348
-0.201482125634 0.279624232348 0.562474226022
0.424347725303 -0.102547649020 -0.212532321797
-0.102547649020 0.272462889451 0.269706161688
-0.212532321797 0.269706161688 0.536313005426
0.441258274178 -0.110510482195 -0.223568483586
-0.110510482195 0.270222550028 0.260665203964
-0.223568483586 0.260665203964 0.512140598153
0.458278116186 -0.118338895249 -0.234550851898
-0.118338895249 0.268574242839 0.252482569284
-0.234550851898 0.252482569284 0.489926747764
0.475332728484 -0.126013703174 -0.245442054208
-0.126013703174 0.267481830288 0.245128433651
-0.245442054208 0.245128433651 0.469615905184
0.492351687939 -0.133518137869 -0.256207490860
-0.133518137869 0.266904606645 0.238564747282
-0.256207490860 0.238564747282 0.451133307562
0.509269323412 -0.140837826827 -0.266815610823
-0.140837826827 0.266799037163 0.232747629761
-0.266815610823 0.232747629761 0.434390200621
0.526025216471 -0.147960728380 -0.277238086794
-0.147960728380 0.267120208588 0.227629384116
-0.277238086794 0.227629384116 0.419288262109
