2.278697090554 0.696263935861 -3.455948882862
0.696263935861 2.566745896634 -3.405145225526
-3.455948882862 -3.405145225526 9.974387960675
2.265339565399 0.690842717438 -3.430478823861
0.690842717438 2.549359642870 -3.381777917660
-3.430478823861 -3.381777917660 9.906217079054
2.249633611510 0.684305565754 -3.399897474708
0.684305565754 2.528632271385 -3.353888350118
-3.399897474708 -3.353888350118 9.824881874037
2.231308182410 0.676439358053 -3.363286891576
0.676439358053 2.504030869856 -3.320740166378
-3.363286891576 -3.320740166378 9.728252331599
2.210084402453 0.666978379288 -3.319521984270
0.666978379288 2.474926021969 -3.281457667382
-3.319521984270 -3.281457667382 9.613800648742
2.185701402196 0.655591713054 -3.267229944130
0.655591713054 2.440585095483 -3.235012285178
-3.267229944130 -3.235012285178 9.478565849316
2.157960724689 0.641867705959 -3.204744380417
0.641867705959 2.400171425314 -3.180214938215
-3.204744380417 -3.180214938215 9.319137405942
2.126799123791 0.625295157027 -3.130056031916
0.625295157027 2.352754604008 -3.115720428135
-3.130056031916 -3.115720428135 9.131676603836
2.092403416431 0.605241132847 -3.040764149470
0.605241132847 2.297339803520 -3.040053426780
-3.040764149470 -3.040053426780 8.912004499990
2.055385280245 0.580925869610 -2.934036212809
0.580925869610 2.232927537987 -2.951670061423
-2.934036212809 -2.951670061423 8.655798544764
2.017037218373 0.551396319335 -2.806589001315
0.551396319335 2.158619165681 -2.849074282438
-2.806589001315 -2.849074282438 8.358955079107
1.979690384473 0.515501854993 -2.654711479029
0.515501854993 2.073786534154 -2.731012795361
-2.654711479029 -2.731012795361 8.018187950689
1.947184881880 0.471878875177 -2.474359195553
0.471878875177 1.978323833474 -2.596773310324
-2.474359195553 -2.596773310324 7.631935034216
1.925434258366 0.418955900004 -2.261359295346
0.418955900004 1.872991071695 -2.446602468019
-2.261359295346 -2.446602468019 7.201617028248
1.923006254738 0.354997158209 -2.011770580435
0.354997158209 1.759834418340 -2.282233290683
-2.011770580435 -2.282233290683 6.733210156387
1.951542480134 0.278209356164 -1.722436490445
0.278209356164 1.642621444003 -2.107457715739
-1.722436490445 -2.107457715739 6.238927717885
2.025709290775 0.186939603131 -1.391738853541
0.186939603131 1.527157735676 -1.928594565305
-1.391738853541 -1.928594565305 5.738546947648
2.162261370733 0.079985191616 -1.020495611554
0.079985191616 1.421273003567 -1.754605322718
-1.020495611554 -1.754605322718 5.259625158981
2.377820846606 -0.042991526890 -0.612845899770
-0.042991526890 1.334229479796 -1.596555559240
-0.612845899770 -1.596555559240 4.835696463206
2.685278455081 -0.181003576027 -0.176856802351
-0.181003576027 1.275391703445 -1.466201300328
-0.176856802351 -1.466201300328 4.501809227345
3.089380018496 -0.331365325153 0.275470056260
-0.331365325153 1.252264076924 -1.373773215181
0.275470056260 -1.373773215181 4.287680367003
3.582873116089 -0.489583019387 0.729037485410
-0.489583019387 1.268398400659 -1.325489689217
0.729037485410 -1.325489689217 4.210146042553
4.145014792070 -0.649661503546 1.167336415469
-0.649661503546 1.321973900080 -1.321705030204
1.167336415469 -1.321705030204 4.267708632141
4.743701519460 -0.804845299713 1.574631322539
-0.804845299713 1.405765581710 -1.356551252310
1.574631322539 -1.356551252310 4.439778256274
5.340969872683 -0.948618863572 1.938048741727
-0.948618863572 1.508657869742 -1.419338080697
1.938048741727 -1.419338080697 4.691332462575
5.899982891197 -1.075653896736 2.248973548907
-1.075653896736 1.618131573869 -1.497151963499
2.248973548907 -1.497151963499 4.981173305815
6.390982851851 -1.182409328897 2.503435000002
-1.182409328897 1.722745394110 -1.577594443402
2.503435000002 -1.577594443402 5.270459291072
6.794438305483 -1.267251581677 2.701549886283
-1.267251581677 1.813793114070 -1.650723908402
2.701549886283 -1.650723908402 5.528633247998
7.101086466145 -1.330159219242 2.846371616069
-1.330159219242 1.885847707389 -1.709821466538
2.846371616069 -1.709821466538 5.735632530095
7.309774153014 -1.372196243057 2.942567602329
-1.372196243057 1.936406342482 -1.751157851864
2.942567602329 -1.751157851864 5.880998985526
7.424414280104 -1.394948489478 2.995251960009
-1.394948489478 1.965077887094 -1.773208283006
2.995251960009 -1.773208283006 5.961326785091
7.451130524783 -1.400056151760 3.009142459956
-1.400056151760 1.972717191644 -1.775742109050
3.009142459956 -1.775742109050 5.977400835856
7.396170831125 -1.388899458982 2.988077100538
-1.388899458982 1.960751727499 -1.759053557500
2.988077100538 -1.759053557500 5.931862817897
7.264750593536 -1.362439908995 2.934850811337
-1.362439908995 1.930792756907 -1.723437704450
2.934850811337 -1.723437704450 5.827728878442
7.060751430492 -1.321194197641 2.851310029398
-1.321194197641 1.884527659581 -1.668913562727
2.851310029398 -1.668913562727 5.667760112250
6.787120569339 -1.265313939177 2.738649069199
-1.265313939177 1.823847965933 -1.595154477702
2.738649069199 -1.595154477702 5.454549066898
6.446809475357 -1.194749265553 2.597864273497
-1.194749265553 1.751152677004 -1.501581104946
2.597864273497 -1.501581104946 5.191151702813
6.044086678037 -1.109478404990 2.430322958856
-1.109478404990 1.669753145444 -1.387580054536
2.430322958856 -1.387580054536 4.882084234022
5.586015012365 -1.009782093200 2.238384708819
-1.009782093200 1.584279344477 -1.252815580682
2.238384708819 -1.252815580682 4.534467757651
5.083789338320 -0.896529004591 2.025972642582
-0.896529004591 1.500948055635 -1.097594535155
2.025972642582 -1.097594535155 4.159028361425
4.553522342487 -0.771419329215 1.798945658966
-0.771419329215 1.427520416713 -0.923226006985
1.798945658966 -0.923226006985 3.770577457494
4.016025004593 -0.637117624442 1.565099629255
-0.637117624442 1.372786609061 -0.732294645217
1.565099629255 -0.732294645217 3.387580085491
3.495259492477 -0.497207761431 1.333665702253
-0.497207761431 1.345510235801 -0.528756213249
1.333665702253 -0.528756213249 3.030559472962
3.015504966027 -0.355935040580 1.114301846976
-0.355935040580 1.352955248128 -0.317783210134
1.114301846976 -0.317783210134 2.719429809534
2.597794484186 -0.217762762638 0.915765166738
-0.217762762638 1.399347536021 -0.105345631745
0.915765166738 -0.105345631745 2.470315256114
2.256612305305 -0.086840494335 0.744621064244
-0.086840494335 1.484766491747 0.102406181740
0.744621064244 0.102406181740 2.292775007555
1.997895503466 0.033477630699 0.604382636109
0.033477630699 1.604895166349 0.299818079996
0.604382636109 0.299818079996 2.188353949193
1.818948497089 0.140941068458 0.495330926496
0.140941068458 1.751766149488 0.482306018651
0.495330926496 0.482306018651 2.150933491103
1.710154050412 0.234479737236 0.415008576194
0.234479737236 1.915262873143 0.646704178586
0.415008576194 0.646704178586 2.168674920662
1.657745967677 0.314072812476 0.359146942880
0.314072812476 2.084879561218 0.791344343644
0.359146942880 0.791344343644 2.226801443249
1.646698912733 0.380488406621 0.322693834933
0.380488406621 2.251230478239 0.915904430709
0.322693834933 0.915904430709 2.310320411736
1.663002843805 0.434985389786 0.300668807899
0.434985389786 2.406992488290 1.021112446137
0.300668807899 1.021112446137 2.406032091797
1.695005392768 0.479046455386 0.288713252962
0.479046455386 2.547222399445 1.108399353868
0.288713252962 1.108399353868 2.503585026007
1.733877988468 0.514176779299 0.283335578032
0.514176779299 2.669181970478 1.179572532225
0.283335578032 1.179572532225 2.595687245170
1.773462622138 0.541773214706 0.281928933403
0.541773214706 2.771878861657 1.236549544941
0.281928933403 1.236549544941 2.677755895171
1.809790332364 0.563052090619 0.282657982746
0.563052090619 2.855513520734 1.281163994671
0.282657982746 1.281163994671 2.747300408314
1.840499685194 0.579018084777 0.284294537450
0.579018084777 2.920959834697 1.315037154153
0.284294537450 1.315037154153 2.803259305003
1.864293582977 0.590457825372 0.286053412815
0.590457825372 2.969342588567 1.339500617984
0.286053412815 1.339500617984 2.845416478853
1.880496715247 0.597945738251 0.287454445302
0.597945738251 3.001727794519 1.355553460883
0.287454445302 1.355553460883 2.873947560184
1.888727209054 0.601853729668 0.288219620646
0.601853729668 3.018916496185 1.363839219484
0.288219620646 1.363839219484 2.889101497098
1.888672063463 0.602359564336 0.288205450689
0.602359564336 3.021324221293 1.364631207993
0.288205450689 1.364631207993 2.891002792855
1.879948983642 0.599451115169 0.287367760002
0.599451115169 3.008930560399 1.357818029071
0.287367760002 1.357818029071 2.879557353732
1.862039840064 0.592925263058 0.285756444161
0.592925263058 2.981291242880 1.342884243121
0.285756444161 1.342884243121 2.854451869772
1.834287849917 0.582381479425 0.283539601090
0.582381479425 2.937615037304 1.318884143111
0.283539601090 1.318884143111 2.815247400509
1.795958200947 0.567211431597 0.281058190229
0.567211431597 2.876917180199 1.284409939520
0.281058190229 1.284409939520 2.761578046760
1.746367500784 0.546587725526 0.278912555973
0.546587725526 2.798266946370 1.237560128891
0.278912555973 1.237560128891 2.693470830641
1.685088233645 0.519457538912 0.278078981606
0.519457538912 2.701145267050 1.175920234959
0.278078981606 1.175920234959 2.611797342850
1.612226770046 0.484550648433 0.280045850692
0.484550648433 2.585913260466 1.096577041908
0.280045850692 1.096577041908 2.518843843665
1.528753794062 0.440415989729 0.286943381767
0.440415989729 2.454358221889 0.996198392120
0.286943381767 0.996198392120 2.418937263142
1.436833061329 0.385505141897 0.301619033010
0.385505141897 2.310228052091 0.871220713604
0.301619033010 0.871220713604 2.318989335675
1.340053701829 0.318322088392 0.327588604052
0.318322088392 2.159597573393 0.718188967364
0.327588604052 0.718188967364 2.228735745025
1.243439606024 0.237651711758 0.368784455863
0.237651711758 2.010858652627 0.534278080427
0.368784455863 0.534278080427 2.160393120589
1.153114437111 0.142860219068 0.429046304355
0.142860219068 1.874136354017 0.317980598627
0.429046304355 0.317980598627 2.127497674965
1.075569275482 0.034228722719 0.511370779590
0.034228722719 1.760049396359 0.069871249307
0.511370779590 0.069871249307 2.142880425801
1.016613841563 -0.086754648504 0.617044489086
-0.086754648504 1.677957191811 -0.206724424385
0.617044489086 -0.206724424385 2.216065236709
0.980247345740 -0.217239477424 0.744887724860
-0.217239477424 1.634092688121 -0.505379350976
0.744887724860 -0.505379350976 2.350726356461
0.967778118895 -0.353075015599 0.890866571790
-0.353075015599 1.630131201548 -0.816720982591
0.890866571790 -0.816720982591 2.543008745445
0.977479717154 -0.489113155875 1.048246316655
-0.489113155875 1.662670645744 -1.129153330708
1.048246316655 -1.129153330708 2.781339451433
1.004894610283 -0.619698136200 1.208281104830
-0.619698136200 1.723799513205 -1.430024149924
1.208281104830 -1.430024149924 3.047872637329
1.043671156152 -0.739227431609 1.361250901615
-0.739227431609 1.802551770888 -1.706974080418
1.361250901615 -1.706974080418 3.321151974865
1.086662028564 -0.842655085866 1.497561839441
-0.842655085866 1.886787574699 -1.949172006732
1.497561839441 -1.949172006732 3.579230091909
1.126988396061 -0.925846303858 1.608656854992
-0.925846303858 1.965003493972 -2.148224329277
1.608656854992 -2.148224329277 3.802493857969
1.158864168371 -0.985755507894 1.687602240424
-0.985755507894 2.027730153443 -2.298687303881
1.687602240424 -2.298687303881 3.975725538763
1.178105479409 -1.020456514986 1.729348408091
-1.020456514986 2.068394956989 -2.398235088032
1.729348408091 -2.398235088032 4.089281159013
1.182353614880 -1.029082438349 1.730751503780
-1.029082438349 2.083697845895 -2.447594261995
1.730751503780 -2.447594261995 4.139515856523
1.171084990884 -1.011732204292 1.690468242880
-1.011732204292 2.073620095992 -2.450344891691
1.690468242880 -2.450344891691 4.128668782408
1.145477260572 -0.969380430420 1.608813639868
-0.969380430420 2.041174743336 -2.412635733801
1.608813639868 -2.412635733801 4.064372695170
1.108171929679 -0.903801191586 1.487626445912
-0.903801191586 1.991957520204 -2.342803046097
1.487626445912 -2.342803046097 3.958854798540
1.062946685546 -0.817494499369 1.330143207708
-0.817494499369 1.933513930523 -2.250848540753
1.330143207708 -2.250848540753 3.827820111497
1.014301136770 -0.713593221849 1.140853171785
-0.713593221849 1.874529093703 -2.147738695712
1.140853171785 -2.147738695712 3.689001654281
0.966971737812 -0.595729519933 0.925298470469
-0.595729519933 1.823877758219 -2.044534614074
0.925298470469 -2.044534614074 3.560429659858
0.925417937824 -0.467851807007 0.689795945422
-0.467851807007 1.789626804336 -1.951431305920
0.689795945422 -1.951431305920 3.458584337610
0.893347078896 -0.334000742245 0.441081944615
-0.334000742245 1.778131842304 -1.876847328980
0.441081944615 -1.876847328980 3.396697239443
0.873354477533 -0.198069026377 0.185909225373
-0.198069026377 1.793382603827 -1.826728903608
0.185909225373 -1.826728903608 3.383497250326
0.866738818116 -0.063578537044 -0.069354949604
-0.063578537044 1.836713266767 -1.804200377174
-0.069354949604 -1.804200377174 3.422628971101
0.873515048908 0.066493474378 -0.319075470037
0.066493474378 1.906912985563 -1.809613768189
-0.319075470037 -1.809613768189 3.512820756012
0.892601623350 0.189818487516 -0.558597654525
0.189818487516 2.000678939703 -1.840954473427
-0.558597654525 -1.840954473427 3.648703675188
0.922123341605 0.304746066890 -0.784375630737
0.304746066890 2.113284143298 -1.894484452728
-0.784375630737 -1.894484452728 3.822047669674
0.959756495968 0.410267828692 -0.993983353494
0.410267828692 2.239306949317 -1.965472288087
-0.993983353494 -1.965472288087 4.023129496697
1.003050463609 0.505934612290 -1.186029830877
0.505934612290 2.373288980050 -2.048873750371
-1.186029830877 -2.048873750371 4.241980627678
1.049681773739 0.591748292492 -1.360010207667
0.591748292492 2.510236378191 -2.139871302117
-1.360010207667 -2.139871302117 4.469351405438
1.097622468981 0.668047336880 -1.516125458110
0.668047336880 2.645933657080 -2.234234338627
-1.516125458110 -2.234234338627 4.697329080798
1.145225907185 0.735400036267 -1.655098163973
0.735400036267 2.777083014655 -2.328506349661
-1.655098163973 -2.328506349661 4.919629571559
1.191246119334 0.794513546200 -1.778003592611
0.794513546200 2.901307344559 -2.420052320104
-1.778003592611 -2.420052320104 5.131631478441
1.234811585847 0.846161941952 -1.886126869388
0.846161941952 3.017063242838 -2.507009744448
-1.886126869388 -2.507009744448 5.330237286389
1.275373172655 0.891133024966 -1.980850148656
0.891133024966 3.123506394163 -2.588184442437
-1.980850148656 -2.588184442437 5.513640445416
1.312641798007 0.930191622910 -2.063568939583
0.930191622910 3.220341884516 -2.662923774131
-2.063568939583 -2.662923774131 5.681059381155
1.346526419838 0.964056282995 -2.135634024870
0.964056282995 3.307680905023 -2.730989523413
-2.135634024870 -2.730989523413 5.832479190273
1.377078480235 0.993386175398 -2.198314263265
0.993386175398 3.385915692966 -2.792443449631
-2.198314263265 -2.792443449631 5.968423966552
1.404445576821 1.018775359163 -2.252775460294
1.018775359163 3.455617455170 -2.847551475914
-2.252775460294 -2.847551475914 6.089769435719
1.428834904501 1.040752072222 -2.300070969954
1.040752072222 3.517457446391 -2.896707814539
-2.300070969954 -2.896707814539 6.197596943499
1.450485730940 1.059781240282 -2.341140423496
1.059781240282 3.572148848848 -2.940377629157
-2.341140423496 -2.940377629157 6.293084993557
1.469649568623 1.076268878200 -2.376813761748
1.076268878200 3.620406011511 -2.979055550759
-2.376813761748 -2.979055550759 6.377432368240
1.486576539685 1.090567451291 -2.407818461512
1.090567451291 3.662917417086 -3.013236989381
-2.407818461512 -3.013236989381 6.451806389813
1.501506507503 1.102981569171 -2.434788445484
1.102981569171 3.700329042215 -3.043399323504
-2.434788445484 -3.043399323504 6.517310337001
