0.123089819085 -0.055187848228 0.240384426493
-0.055187848228 0.583737608869 -0.646741093011
0.240384426493 -0.646741093011 1.905516532044
0.122705903989 -0.055184640837 0.241001202217
-0.055184640837 0.585151560793 -0.647884976683
0.241001202217 -0.647884976683 1.908351467224
0.122265756541 -0.055053715593 0.240715463083
-0.055053715593 0.585140696989 -0.646859047413
0.240715463083 -0.646859047413 1.905185623871
0.121751396606 -0.054793241224 0.239544731936
-0.054793241224 0.583788291913 -0.643688102621
0.239544731936 -0.643688102621 1.896076442172
0.121158390128 -0.054400177438 0.237477156312
-0.054400177438 0.581170305334 -0.638335535683
0.237477156312 -0.638335535683 1.880929208185
0.120495955480 -0.053870440509 0.234473135242
-0.053870440509 0.577368391231 -0.630706659280
0.234473135242 -0.630706659280 1.859507329777
0.119789509104 -0.053199434536 0.230466174145
-0.053199434536 0.572488319620 -0.620651646666
0.230466174145 -0.620651646666 1.831444445591
0.119085812579 -0.052383020162 0.225363332456
-0.052383020162 0.566685785929 -0.607968991877
0.225363332456 -0.607968991877 1.796261127224
0.118461124650 -0.051419052366 0.219045727170
-0.051419052366 0.560202201260 -0.592410775592
0.219045727170 -0.592410775592 1.753390257638
0.118032913294 -0.050309669599 0.211369711372
-0.050309669599 0.553413453625 -0.573691494978
0.211369711372 -0.573691494978 1.702216614517
0.117975669050 -0.049064544681 0.202169563498
-0.049064544681 0.546894455764 -0.551502745745
0.202169563498 -0.551502745745 1.642137574931
0.118541031883 -0.047705284815 0.191262786210
-0.047705284815 0.541500902224 -0.525536522902
0.191262786210 -0.525536522902 1.572652687373
0.120081556863 -0.046271042685 0.178459373197
-0.046271042685 0.538466014426 -0.495520088650
0.178459373197 -0.495520088650 1.493489140738
0.123075673673 -0.044825098682 0.163576546889
-0.044825098682 0.539502778521 -0.461264805645
0.163576546889 -0.461264805645 1.404766285781
0.128148430766 -0.043461612360 0.146460302037
-0.043461612360 0.546889947068 -0.422729411915
0.146460302037 -0.422729411915 1.307193193925
0.136078428539 -0.042310874368 0.127014321271
-0.042310874368 0.563502714220 -0.380094202931
0.127014321271 -0.380094202931 1.202276809176
0.147776701830 -0.041540313731 0.105235141929
-0.041540313731 0.592729611160 -0.333836102276
0.105235141929 -0.333836102276 1.092494567533
0.164220435881 -0.041347611113 0.081249686368
-0.041347611113 0.638205019463 -0.284786380228
0.081249686368 -0.284786380228 0.981359419116
0.186327311024 -0.041942310812 0.055347740729
-0.041942310812 0.703298467179 -0.234145645262
0.055347740729 -0.234145645262 0.873290025365
0.214769723758 -0.043514336160 0.027998837934
-0.043514336160 0.790357317028 -0.183429936305
0.027998837934 -0.183429936305 0.773215037663
0.249754062290 -0.046192427909 -0.000157700804
-0.046192427909 0.899806564098 -0.134333238485
-0.000157700804 -0.134333238485 0.685906362003
0.290822346481 -0.050001900347 -0.028356949779
-0.050001900347 1.029341980635 -0.088517579250
-0.028356949779 -0.088517579250 0.615149094829
0.336754631506 -0.054836196191 -0.055785160473
-0.054836196191 1.173539039921 -0.047374711915
-0.055785160473 -0.047374711915 0.562972297479
0.385639162122 -0.060456266010 -0.081675906232
-0.060456266010 1.324151233697 -0.011826081044
-0.081675906232 -0.011826081044 0.529209822320
0.435124980170 -0.066523525262 -0.105403552848
-0.066523525262 1.471154153040 0.017777261160
-0.105403552848 0.017777261160 0.511575787047
0.482798155980 -0.072658886951 -0.126551216823
-0.072658886951 1.604289169931 0.041628690822
-0.126551216823 0.041628690822 0.506244303280
0.526568975290 -0.078509418462 -0.144938644156
-0.078509418462 1.714643077572 0.060335856516
-0.144938644156 0.060335856516 0.508722086744
0.564955986738 -0.083802078138 -0.160608556614
-0.083802078138 1.795801409722 0.074741422926
-0.160608556614 0.074741422926 0.514712482735
0.597202058622 -0.088371387595 -0.173781424237
-0.088371387595 1.844322640032 0.085752996724
-0.173781424237 0.085752996724 0.520728605565
0.623224745916 -0.092159517081 -0.184793940112
-0.092159517081 1.859559469660 0.094219429102
-0.184793940112 0.094219429102 0.524361591464
0.643452531411 -0.095196717505 -0.194035607963
-0.095196717505 1.843052717489 0.100863280254
-0.194035607963 0.100863280254 0.524250831832
0.658614989557 -0.097574356972 -0.201893870871
-0.097574356972 1.797780912473 0.106260581196
-0.201893870871 0.106260581196 0.519876287774
0.669546690047 -0.099423174556 -0.208714811884
-0.099423174556 1.727495668300 0.110853989755
-0.208714811884 0.110853989755 0.511296882251
0.677049238070 -0.100908704163 -0.214786125490
-0.100908704163 1.636277161747 0.114990905701
-0.214786125490 0.114990905701 0.498925435565
0.681846243004 -0.102256033814 -0.220352168192
-0.102256033814 1.528356679638 0.118988176422
-0.220352168192 0.118988176422 0.483391671057
0.684663306238 -0.103815906214 -0.225674916926
-0.103815906214 1.408189585159 0.123233338959
-0.225674916926 0.123233338959 0.465515268893
0.686456533086 -0.106178186512 -0.231153034048
-0.106178186512 1.280710259947 0.128331202578
-0.231153034048 0.128331202578 0.446387663189
0.688775122193 -0.110318396997 -0.237493656492
-0.110318396997 1.151641747895 0.135284502036
-0.237493656492 0.135284502036 0.427531116536
0.694156953476 -0.117723368125 -0.245890078890
-0.117723368125 1.027665496759 0.145652989286
-0.245890078890 0.145652989286 0.411056663684
0.706338064049 -0.130395372241 -0.258102652937
-0.130395372241 0.916218330560 0.161580426588
-0.258102652937 0.161580426588 0.399690358724
0.729992469619 -0.150620694268 -0.276311286413
-0.150620694268 0.824748257888 0.185559220468
-0.276311286413 0.185559220468 0.396525044086
0.769832324823 -0.180459060153 -0.302664860070
-0.180459060153 0.759479917027 0.219876889070
-0.302664860070 0.219876889070 0.404439782611
0.829226632875 -0.221067403918 -0.338611214366
-0.221067403918 0.724048985247 0.265863777080
-0.338611214366 0.265863777080 0.425313312833
0.908862696244 -0.272122493334 -0.384264032573
-0.272122493334 0.718557060624 0.323235480662
-0.384264032573 0.323235480662 0.459335063013
1.006071160184 -0.331616393913 -0.438102825381
-0.331616393913 0.739480430623 0.389841736710
-0.438102825381 0.389841736710 0.504732677769
1.115127681159 -0.396126920504 -0.497148011448
-0.396126920504 0.780471497957 0.461945941941
-0.497148011448 0.461945941941 0.558042640502
1.228347348020 -0.461431165461 -0.557512422963
-0.461431165461 0.833690881855 0.534896104471
-0.557512422963 0.534896104471 0.614784133901
1.337464480616 -0.523200357040 -0.615078495132
-0.523200357040 0.891160290551 0.603897276835
-0.615078495132 0.603897276835 0.670244296350
1.434806969415 -0.577548356284 -0.666064128176
-0.577548356284 0.945760356023 0.664628617877
-0.666064128176 0.664628617877 0.720115263425
1.514016189653 -0.621335052565 -0.707360988917
-0.621335052565 0.991750930153 0.713590574575
-0.707360988917 0.713590574575 0.760864781588
1.570319417195 -0.652247919677 -0.736653675860
-0.652247919677 1.024893584454 0.748204935486
-0.736653675860 0.748204935486 0.789859036519
1.600507081421 -0.668747319706 -0.752397453701
-0.668747319706 1.042341974734 0.766762041928
-0.752397453701 0.766762041928 0.805328368398
1.602795956593 -0.669967352804 -0.753744611999
-0.669967352804 1.042459767154 0.768317990589
-0.753744611999 0.768317990589 0.806276140565
1.576720681783 -0.655640610439 -0.740489580014
-0.655640610439 1.024678563574 0.752619420258
-0.740489580014 0.752619420258 0.792406828534
1.523134639469 -0.626083650585 -0.713072597824
-0.626083650585 0.989454777043 0.720098618081
-0.713072597824 0.720098618081 0.764115362734
1.444336461116 -0.582248578471 -0.672650010810
-0.582248578471 0.938335845660 0.671946444404
-0.672650010810 0.671946444404 0.722545419440
1.344269833981 -0.525813622541 -0.621205353023
-0.525813622541 0.874098530945 0.610233424403
-0.621205353023 0.610233424403 0.669688824027
1.228668512451 -0.459250039523 -0.561637064946
-0.459250039523 0.800869327507 0.538007433280
-0.561637064946 0.538007433280 0.608459265990
1.104949581130 -0.385771141397 -0.497722410002
-0.385771141397 0.724085370004 0.459256876909
-0.497722410002 0.459256876909 0.542638107071
0.981644311542 -0.309065694102 -0.433846887879
-0.309065694102 0.650134354264 0.378618029252
-0.433846887879 0.378618029252 0.476583012406
0.867271287232 -0.232778128227 -0.374442451934
-0.232778128227 0.585576660540 0.300766846360
-0.374442451934 0.300766846360 0.414649702932
0.768836087003 -0.159836279982 -0.323217296538
-0.159836279982 0.536037372856 0.229591720258
-0.323217296538 0.229591720258 0.360421683448
0.690476906567 -0.091884726948 -0.282434710481
-0.091884726948 0.505103994820 0.167435864176
-0.282434710481 0.167435864176 0.316016106401
0.632893654129 -0.029120947964 -0.252572038131
-0.029120947964 0.493698859282 0.114772058542
-0.252572038131 0.114772058542 0.281794840186
0.593878057359 0.029348469885 -0.232543409077
0.029348469885 0.500235940474 0.070497406162
-0.232543409077 0.070497406162 0.256643646583
0.569650266726 0.084821768494 -0.220361810424
0.084821768494 0.521465903375 0.032687731754
-0.220361810424 0.032687731754 0.238665133185
0.556287686076 0.138358714200 -0.213887169719
0.138358714200 0.553563839523 -0.000594243515
-0.213887169719 -0.000594243515 0.225914440637
0.550636546271 0.190459040545 -0.211337661468
0.190459040545 0.592989702258 -0.030788963980
-0.211337661468 -0.030788963980 0.216862681625
0.550552462392 0.241088708054 -0.211461489140
0.241088708054 0.636908347824 -0.058719889313
-0.211461489140 -0.058719889313 0.210510951259
0.554696754396 0.289896093991 -0.213465468467
0.289896093991 0.683234590319 -0.084732637241
-0.213465468467 -0.084732637241 0.206275234526
0.562203417683 0.336442337745 -0.216855426360
0.336442337745 0.730487738311 -0.108909067129
-0.216855426360 -0.108909067129 0.203807100755
0.572415361858 0.380352641364 -0.221295013999
0.380352641364 0.777610505602 -0.131238514989
-0.221295013999 -0.131238514989 0.202853329058
0.584743990602 0.421378528829 -0.226519332309
0.421378528829 0.823827205210 -0.151713184500
-0.226519332309 -0.151713184500 0.203181748591
0.598624780517 0.459400675928 -0.232296519900
0.459400675928 0.868555034074 -0.170363187386
-0.232296519900 -0.170363187386 0.204558190408
0.613522724545 0.494405125420 -0.238417576680
0.494405125420 0.911355386892 -0.187258334521
-0.238417576680 -0.187258334521 0.206749964516
0.628952928362 0.526454142106 -0.244697872537
0.526454142106 0.951907897323 -0.202497353232
-0.244697872537 -0.202497353232 0.209537531891
0.644498373550 0.555661154532 -0.250980859136
0.555661154532 0.989994496013 -0.216195536918
-0.250980859136 -0.216195536918 0.212724930754
0.659818848289 0.582171995572 -0.257140071593
0.582171995572 1.025486452045 -0.228474939942
-0.257140071593 -0.228474939942 0.216145810657
0.674651224577 0.606151580580 -0.263078613135
0.606151580580 1.058331478946 -0.239457738887
-0.263078613135 -0.239457738887 0.219665126250
0.688803513237 0.627774474941 -0.268726620449
0.627774474941 1.088540315245 -0.249262128041
-0.268726620449 -0.249262128041 0.223177680627
0.702145382015 0.647218071300 -0.274037536094
0.647218071300 1.116173230211 -0.257999934802
-0.274037536094 -0.257999934802 0.226604821016
0.714597299832 0.664657551375 -0.278983925630
0.664657551375 1.141327185397 -0.265775320939
-0.278983925630 -0.265775320939 0.229890321510
0.726119782125 0.680262158512 -0.283553364308
0.680262158512 1.164124284374 -0.272684158587
-0.283553364308 -0.272684158587 0.232996150604
0.736703606131 0.694192508677 -0.287744708430
0.694192508677 1.184701904761 -0.278813834982
-0.287744708430 -0.278813834982 0.235898534621
0.746361411903 0.706598759323 -0.291564902676
0.706598759323 1.203204659283 -0.284243339646
-0.291564902676 -0.284243339646 0.238584520131
0.755120801307 0.717619488668 -0.295026362708
0.717619488668 1.219778136381 -0.289043541691
-0.295026362708 -0.289043541691 0.241049102314
0.763018864589 0.727381148490 -0.298144904252
0.727381148490 1.234564243035 -0.293277593067
-0.298144904252 -0.293277593067 0.243292905357
0.770097968860 0.735997960841 -0.300938154276
0.735997960841 1.247697907044 -0.297001409374
-0.300938154276 -0.297001409374 0.245320358565
0.776402606009 0.743572140039 -0.303424366184
0.743572140039 1.259304877944 -0.300264190370
-0.303424366184 -0.300264190370 0.247138294479
0.781977096141 0.750194336509 -0.305621560697
0.750194336509 1.269500378402 -0.303108950625
-0.305621560697 -0.303108950625 0.248754892795
0.786863960441 0.755944216675 -0.307546921004
0.755944216675 1.278388387352 -0.305573037960
-0.307546921004 -0.305573037960 0.250178899480
0.791102803670 0.760891110849 -0.309216380987
0.760891110849 1.286061372064 -0.307688623504
-0.309216380987 -0.307688623504 0.251419059766
0.794729574692 0.765094677381 -0.310644356155
0.765094677381 1.292600322513 -0.309483152336
-0.310644356155 -0.309483152336 0.252483714006
0.797776099965 0.768605545199 -0.311843577155
0.768605545199 1.298074974027 -0.310979747777
-0.311843577155 -0.310979747777 0.253380515215
0.800269808140 0.771465908066 -0.312824994601
0.771465908066 1.302544131969 -0.312197565430
-0.312824994601 -0.312197565430 0.254116235897
0.802233583262 0.773710052495 -0.313597731410
0.773710052495 1.306056034627 -0.313152095238
-0.313597731410 -0.313152095238 0.254696639106
0.803685699788 0.775364807576 -0.314169064847
0.775364807576 1.308648708170 -0.313855411206
-0.314169064847 -0.313855411206 0.255126394788
0.804639805104 0.776449909451 -0.314544425229
0.776449909451 1.310350281011 -0.314316369265
-0.314544425229 -0.314316369265 0.255409027342
0.805104925100 0.776978276173 -0.314727402012
0.776978276173 1.311179235154 -0.314540754097
-0.314727402012 -0.314540754097 0.255546884244
0.805085476185 0.776956190617 -0.314719750985
0.776956190617 1.311144579776 -0.314531375782
-0.314719750985 -0.314531375782 0.255541118795
